0 1.452055 0.300000 3.141989 -0.000000 -0.000000 -0.000000 1.000000
0 -2.611036 0.300000 2.696123 -0.000000 -0.000000 -0.000000 1.000000
0 0.149625 0.300000 0.854289 0.000000 -0.000000 -0.000000 1.000000
1 -1.714285 0.500000 5.632765 0.000000 0.000000 0.000000 1.000000
1 3.836017 0.500000 4.895543 0.000000 0.000000 0.000000 1.000000
1 2.660218 0.500000 0.153115 0.000000 0.000000 0.000000 1.000000
2 -2.432777 0.900000 1.477955 0.000000 0.000000 0.000000 1.000000
3 8.380948 -0.000000 2.968641 -0.000000 -0.999927 -0.000000 0.012106
3 -8.312053 -0.000000 4.045617 -0.000000 -0.999927 -0.000000 0.012106
3 -1.029082 0.000000 -1.532651 -0.000000 -0.999927 -0.000000 0.012106
